chap07_ex2_soccer<-structure(list(team1 = structure(c(1,3,5,6,7,14,18,19,12,13,2,4,9,10,14,15,16,8,17,11,2,6,8,12,13,
18,5,10,17,19,1,3,7,9,11,14,15,4,16,20,2,6,8,10,13,17,18,19,5,12,4,7,9,11,14,15,16,20,3,1,2,5,8,12,15,19,20,1,7,13,4,6,
10,11,16,17,18,3,14,9,20,5,8,11,13,14,15,16,7,17,1,2,6,10,12,18,19,3,9,4,8,13,14,15,16,20,5,7,11,17,1,2,4,6,9,10,12,19,
18,3,20,6,10,12,13,16,17,4,8,14,3,9,18,19,1,2,5,7,11,15,1,3,5,7,9,15,18,19,2,11,4,6,8,13,16,17,20,10,12,14,4,6,8,10,12,
13,14,16,17,20,1,3,5,9,11,15,18,2,19,7,1,3,4,7,9,11,14,15,16,20,2,5,8,10,12,17,18,19,13,6,2,5,8,10,12,13,18,6,19,3,4,7,
9,15,11,14,16,20,1,17,5,6,8,13,17,18,19,2,10,12,1,3,4,7,9,11,15,20,14,16,8,16,20,5,7,11,13,14,15,17,1,2,3,4,9,12,19,6,
10,18,7,11,15,16,17,20,8,13,14,5,2,3,4,9,10,18,19,6,12,1,4,9,10,14,16,17,18,3,11,6,5,7,8,12,13,19,20,1,2,15,2,8,10,15,
3,6,7,12,13,18,19,20,1,5,2,3,7,9,11,15,18,19,1,5,4,6,8,10,14,16,17,12,13,20,3,2,4,9,18,19,1,11,15,7,4,6,8,10,13,14,16,
12,20,17,3,2,7,9,15,18,19,1,5,11,16,5,9,11,17,20,4,6,8,10,12,13,14,16,17,20), .Label = c("Arsenal","Bournemouth",
"Brighton","Burnley","Chelsea","Crystal Palace","Everton","Huddersfield","Leicester","Liverpool","Manchester City",
"Manchester United","Newcastle","Southampton","Stoke City","Swansea City","Tottenham","Watford","West Brom","West Ham"), 
class = "factor"), goals1 = c( 4,0,2,0,1,0,3,1,4,0,0,0,2,1,3,1,0,1,1,1,1,0,0,2,3,0,2,4,1,1,3,3,0,1,5,0,2,1,0,2,2,0,1,1,
2,0,0,0,0,4,0,2,2,5,0,0,1,2,1,2,0,0,0,4,2,2,1,2,0,1,1,2,0,7,2,1,2,1,2,1,0,4,2,3,1,1,1,1,2,4,2,0,2,3,1,0,2,1,2,1,1,0,0,
2,0,1,1,3,3,1,2,4,2,2,0,3,4,0,2,2,1,2,1,1,0,0,1,0,1,4,0,2,2,2,5,1,1,4,2,0,1,1,3,2,1,2,1,0,1,2,1,2,2,2,1,5,1,1,1,1,1,2,
1,0,1,0,1,0,2,0,1,0,1,0,4,0,1,0,1,3,3,1,0,0,2,4,1,3,1,2,3,2,1,5,2,5,2,0,0,2,2,5,0,2,0,0,1,0,1,2,1,0,3,0,3,1,0,2,2,1,0,
1,1,1,4,2,2,2,4,3,4,0,0,1,2,3,2,1,1,1,0,3,1,0,2,3,1,1,0,2,5,2,3,1,1,2,2,1,2,4,3,5,1,1,1,2,4,1,0,3,2,4,1,1,4,1,1,0,2,0,
2,1,2,0,4,2,1,2,1,2,2,2,0,2,3,1,0,3,1,0,2,0,5,1,0,1,1,2,1,2,1,3,3,1,2,1,0,1,2,1,1,1,3,1,2,3,1,3,2,1,1,0,2,1,1,0,1,0,0,
2,4,5,1,1,0,5,0,0,0,2,0,2,1,2,1,1,1,0,1,2,1,5,1,0,0,1,3,3,1,0,1,2,0,4,1,3,0,1,5,3),
goals2 = c( 3,2,3,3,0,0,3,0,0,2,2,1,0,0,2,0,4,0,2,1,2,2,0,0,0,0,0,0,1,1,0,1,3,2,0,2,2,0,1,0,1,1,1,1,1,0,6,0,0,0,0,1,3,
0,1,4,2,3,0,0,0,1,4,0,1,2,0,0,1,1,1,1,0,2,0,0,1,1,2,1,3,2,1,0,0,0,2,2,5,1,1,1,2,0,0,1,3,1,0,0,0,1,1,2,1,4,0,2,1,0,0,0,
0,2,2,0,1,4,0,2,1,1,1,0,3,0,1,1,2,1,0,1,4,2,0,2,0,0,1,3,3,5,1,0,0,1,1,0,1,1,0,2,0,3,0,1,0,1,2,1,0,1,3,0,0,1,4,4,0,0,0,
0,0,3,1,3,4,4,2,1,3,0,3,0,2,0,1,1,1,3,3,0,1,0,2,2,1,0,1,3,1,0,0,1,0,0,2,0,1,2,2,2,0,1,1,2,2,1,2,1,0,0,4,1,0,2,0,1,3,0,
1,4,1,1,0,1,0,1,1,0,3,1,1,3,1,0,1,1,0,0,1,1,1,1,1,0,3,1,2,1,1,1,1,0,0,0,1,0,2,0,2,1,1,1,1,0,2,1,1,3,1,1,0,0,1,0,0,1,0,
3,1,0,0,1,0,4,3,0,4,2,1,2,0,2,2,2,3,0,0,2,2,0,0,3,2,1,0,2,3,2,2,1,2,1,1,2,0,0,3,1,3,1,1,1,1,2,2,0,0,2,1,0,1,0,0,0,2,0,
1,1,1,1,4,0,0,0,1,2,2,1,0,0,0,0,1,1,1,1,0,0,2,0,1,0,0,0,1,2,4,1), 
team2 = structure(c( 9,11,4,8,15,16,10,2,20,17,18,19,3,6,20,1,12,13,5,7,11,16,14,9,20,3,7,1,4,15,2,19,17,5,10,18,12,6,
13,8,3,14,9,4,15,16,11,20,1,7,8,2,10,6,12,5,18,17,13,19,9,11,17,6,14,18,16,3,4,10,20,5,12,15,8,2,1,7,13,19,3,18,12,4,6,
19,2,9,1,10,16,5,20,8,17,15,11,14,7,13,19,2,4,9,3,10,12,18,1,6,17,8,16,7,11,14,13,5,20,15,9,15,5,3,18,2,19,1,11,7,6,17,
12,13,8,4,16,20,14,10,12,10,13,8,4,16,17,6,14,20,18,2,3,9,19,15,5,7,11,1,15,18,5,19,2,7,9,11,3,1,13,4,14,6,17,20,8,10,
12,16,10,18,17,5,12,2,8,19,6,13,20,3,15,16,4,14,9,7,11,1,7,15,4,9,14,3,16,11,1,2,10,12,8,13,18,6,17,19,5,20,9,4,20,16,
7,14,3,1,11,15,6,5,12,19,18,13,8,2,17,10,10,1,6,2,9,19,4,3,18,12,7,15,20,11,16,8,14,13,17,5,6,9,3,4,1,18,2,12,10,19,
13,16,14,15,20,7,8,17,5,11,7,2,13,15,20,8,19,1,5,12,6,3,16,10,14,9,4,18,17,11,19,6,18,7,9,10,11,16,8,2,4,14,15,17,6,
8,10,13,12,17,4,16,14,20,9,3,18,2,5,7,11,19,1,15,17,12,5,14,6,10,20,16,4,13,3,9,7,15,19,2,5,1,11,18,12,16,14,20,6,13,
17,4,10,8,14,8,1,3,13,12,2,19,1,3,18,5,11,15,9,7), .Label = c( "Arsenal","Bournemouth","Brighton","Burnley","Chelsea",
"Crystal Palace","Everton","Huddersfield","Leicester","Liverpool","Manchester City","Manchester United","Newcastle",
"Southampton","Stoke City","Swansea City","Tottenham","Watford","West Brom","West Ham"), 
class = "factor"),
ht = structure(c( 1,3,5,6,7,14,18,19,12,13,2,4,9,10,14,15,16,8,17,11,2,6,8,12,13,18,5,10,17,19,1,3,7,9,11,14,15,4,16,20,
2,6,8,10,13,17,18,19,5,12,4,7,9,11,14,15,16,20,3,1,2,5,8,12,15,19,20,1,7,13,4,6,10,11,16,17,18,3,14,9,20,5,8,11,13,14,
15,16,7,17,1,2,6,10,12,18,19,3,9,4,8,13,14,15,16,20,5,7,11,17,1,2,4,6,9,10,12,19,18,3,20,6,10,12,13,16,17,4,8,14,3,9,
18,19,1,2,5,7,11,15,1,3,5,7,9,15,18,19,2,11,4,6,8,13,16,17,20,10,12,14,4,6,8,10,12,13,14,16,17,20,1,3,5,9,11,15,18,2,
19,7,1,3,4,7,9,11,14,15,16,20,2,5,8,10,12,17,18,19,13,6,2,5,8,10,12,13,18,6,19,3,4,7,9,15,11,14,16,20,1,17,5,6,8,13,
17,18,19,2,10,12,1,3,4,7,9,11,15,20,14,16,8,16,20,5,7,11,13,14,15,17,1,2,3,4,9,12,19,6,10,18,7,11,15,16,17,20,8,13,14,
5,2,3,4,9,10,18,19,6,12,1,4,9,10,14,16,17,18,3,11,6,5,7,8,12,13,19,20,1,2,15,2,8,10,15,3,6,7,12,13,18,19,20,1,5,2,3,7,
9,11,15,18,19,1,5,4,6,8,10,14,16,17,12,13,20,3,2,4,9,18,19,1,11,15,7,4,6,8,10,13,14,16,12,20,17,3,2,7,9,15,18,19,1,5,
11,16,5,9,11,17,20,4,6,8,10,12,13,14,16,17,20), .Label = c( "Arsenal","Bournemouth","Brighton","Burnley","Chelsea",
"Crystal Palace","Everton","Huddersfield","Leicester","Liverpool","Manchester City","Manchester United","Newcastle",
"Southampton","Stoke City","Swansea City","Tottenham","Watford","West Brom","West Ham"), 
class = "factor"), at = structure(c( 9,11,4,8,15,16,10,2,20,17,18,19,3,6,20,1,12,13,5,7,11,16,14,9,20,3,7,1,4,15,2,19,
17,5,10,18,12,6,13,8,3,14,9,4,15,16,11,20,1,7,8,2,10,6,12,5,18,17,13,19,9,11,17,6,14,18,16,3,4,10,20,5,12,15,8,2,1,7,
13,19,3,18,12,4,6,19,2,9,1,10,16,5,20,8,17,15,11,14,7,13,19,2,4,9,3,10,12,18,1,6,17,8,16,7,11,14,13,5,20,15,9,15,5,3,
18,2,19,1,11,7,6,17,12,13,8,4,16,20,14,10,12,10,13,8,4,16,17,6,14,20,18,2,3,9,19,15,5,7,11,1,15,18,5,19,2,7,9,11,3,1,
13,4,14,6,17,20,8,10,12,16,10,18,17,5,12,2,8,19,6,13,20,3,15,16,4,14,9,7,11,1,7,15,4,9,14,3,16,11,1,2,10,12,8,13,18,
6,17,19,5,20,9,4,20,16,7,14,3,1,11,15,6,5,12,19,18,13,8,2,17,10,10,1,6,2,9,19,4,3,18,12,7,15,20,11,16,8,14,13,17,5,6,
9,3,4,1,18,2,12,10,19,13,16,14,15,20,7,8,17,5,11,7,2,13,15,20,8,19,1,5,12,6,3,16,10,14,9,4,18,17,11,19,6,18,7,9,10,
11,16,8,2,4,14,15,17,6,8,10,13,12,17,4,16,14,20,9,3,18,2,5,7,11,19,1,15,17,12,5,14,6,10,20,16,4,13,3,9,7,15,19,2,5,1,
11,18,12,16,14,20,6,13,17,4,10,8,14,8,1,3,13,12,2,19,1,3,18,5,11,15,9,7), .Label = c( "Arsenal","Bournemouth",
"Brighton","Burnley","Chelsea","Crystal Palace","Everton","Huddersfield","Leicester","Liverpool","Manchester City",
"Manchester United","Newcastle","Southampton","Stoke City","Swansea City","Tottenham","Watford","West Brom","West Ham"), 
class = "factor"), 
z = c( 1,2,1,3,1,0,0,1,4,2,2,1,2,1,1,1,4,1,1,0,1,2,0,2,3,0,2,4,0,0,3,2,3,1,5,2,0,1,1,2,1,1,0,0,1,0,6,0,0,4,0,1,1,5,1,
4,1,1,1,2,0,1,4,4,1,0,1,2,1,0,0,1,0,5,2,1,1,0,0,0,3,2,1,3,1,1,1,1,3,3,1,1,0,3,1,1,1,0,2,1,1,1,1,0,1,3,1,1,2,1,2,4,2,0,
2,3,3,4,2,0,0,1,0,1,3,0,0,1,1,3,0,1,2,0,5,1,1,4,1,3,2,4,2,2,1,1,0,0,0,1,1,0,2,1,1,4,1,0,1,0,1,1,2,0,1,1,3,4,2,0,1,0,1,
3,3,3,3,4,1,2,0,1,3,0,0,4,0,2,0,1,0,2,0,5,0,3,1,0,1,1,1,5,0,1,0,0,1,0,0,0,1,2,3,1,2,1,2,1,0,0,0,1,3,0,4,0,2,1,1,3,3,4,
1,0,2,2,2,0,0,1,3,2,0,3,1,3,0,0,0,2,4,1,2,0,0,2,1,0,0,3,2,4,0,1,1,2,3,1,2,3,0,3,0,0,3,1,1,1,1,3,1,0,2,0,3,2,1,1,1,1,1,
2,0,1,3,3,3,3,3,2,1,2,5,1,2,1,2,2,1,0,1,3,3,2,0,0,0,1,1,1,1,0,1,0,1,1,1,3,1,0,2,1,1,0,0,2,1,0,0,0,3,5,0,1,0,5,2,0,1,1,
1,1,3,2,1,1,0,2,1,1,1,5,1,0,1,0,2,2,1,0,1,2,1,4,1,3,1,1,1,2) ), .Names = c("team1", "goals1", "goals2", "team2", "ht",
"at", "z"),